0 1 11 15 16 30 33 45 47 51 52 59 61 63 76 77 91 97 102 110 112 113 116 118 121 125 128 138 143 145 151 158 164 166 171 176 189 198 201 203 204 205 212 225 227 232 236 241 245 262 281 291 297 298 305 313 315 316 332 335 338 344 349 350 353 355 358 373 375 376 380 381 403 407 424 430 436 437 438 443 448 450 455 456 458 461 462 470 473 486 495 500 508 513 514 516 518 522 523 535 539 540 542 547 550 564 565 567 572 583 584 589 590 601 608 610 611 614 620 624 633 646 647 650 653 654 659 660 679 689 691 700 701 704 706 707 713 725 749 753 754 763 765 766 773 777 783 784 785 786 794 796 801 806 819 828 834 843 848 849 852 855 860 864 866 870 872 875 886 887 891 894 896 899 901 903 907 916 917 918 931 932 937 938 939 947 948 952 955 973 991 997 998 1007 1008 1013 1018 1019 1021 1027 1031 1032 1033 1034 1052 1053 1068 1070 1075 1077 1091 1094 
2 326 365 545 591 
3 
4 231 649 
5 78 96 111 208 210 223 269 302 361 370 421 447 493 517 520 570 596 612 644 692 698 716 739 740 850 865 900 920 954 956 1024 1087 
6 27 472 543 791 842 905 929 1046 
7 
8 157 1026 1048 
9 38 55 57 789 1030 1054 
10 
12 289 615 
13 
14 103 252 286 695 890 898 944 
17 
18 
19 429 
20 
21 
22 
23 663 1067 1089 
24 40 413 433 532 595 762 813 847 892 951 1005 1045 
25 98 146 237 463 476 528 529 561 566 681 736 817 888 1028 
26 
28 
29 
31 
32 150 552 
34 
35 319 904 1059 
36 165 185 606 747 799 831 841 935 
37 
39 
41 
42 
43 300 478 483 531 662 800 927 968 995 1039 
44 137 593 
46 
48 
49 209 310 321 393 553 1072 
50 
53 206 957 
54 
56 
58 
60 
62 325 417 511 902 1092 
64 160 364 795 922 943 977 1096 
65 
66 124 837 1004 
67 
68 
69 
70 
71 
72 336 387 435 638 1090 
73 
74 
75 
79 
80 
81 
82 
83 108 807 
84 419 544 840 987 990 
85 1040 
86 
87 851 
88 134 172 485 696 994 1029 
89 
90 
92 
93 712 730 809 
94 960 
95 129 169 170 230 251 287 339 388 427 467 489 501 505 592 618 643 705 738 816 818 856 985 1001 1017 1085 
99 
100 
101 
104 
105 
106 
107 
109 
114 
115 132 1050 
117 
119 
120 475 871 
122 135 140 173 271 301 312 400 418 442 629 655 726 759 781 878 893 967 1022 1056 
123 1074 
126 
127 
130 279 285 737 805 839 
131 
133 
136 
139 
141 426 
142 
144 811 
147 
148 602 757 897 961 996 1083 
149 406 525 657 933 
152 181 283 412 1025 
153 
154 
155 226 295 329 439 642 708 792 974 1071 
156 
159 
161 
162 
163 190 277 314 352 385 497 512 575 597 632 651 666 761 764 804 833 989 
167 
168 
174 
175 
177 
178 233 255 293 303 306 307 317 367 371 389 392 408 410 415 431 487 557 571 579 631 684 694 729 742 798 861 1081 
179 
180 411 617 820 
182 
183 577 719 
184 379 534 884 
186 
187 
188 323 374 
191 964 
192 
193 
194 
195 
196 258 267 304 343 422 425 488 621 709 782 915 1055 
197 
199 
200 
202 308 
207 
211 658 869 
213 
214 
215 
216 224 616 780 
217 
218 382 537 830 
219 
220 
221 636 1043 
222 743 
228 
229 272 664 728 
234 
235 
238 
239 732 
240 
242 
243 731 
244 
246 
247 573 
248 
249 
250 
253 
254 
256 322 399 459 699 1023 
257 
259 
260 
261 
263 
264 363 
265 
266 
268 
270 
273 
274 
275 
276 
278 
280 
282 
284 
288 
290 
292 
294 
296 
299 
309 
311 715 756 911 976 1066 
318 
320 
324 
327 
328 
330 
331 
333 656 
334 
337 
340 
341 
342 755 963 
345 
346 
347 
348 383 496 586 1086 
351 
354 
356 
357 
359 
360 
362 
366 824 
368 
369 460 962 
372 
377 
378 
384 
386 
390 
391 
394 
395 
396 
397 
398 
401 876 
402 563 776 808 1003 
404 993 
405 
409 735 
414 
416 574 
420 
423 
428 
432 
434 604 628 
440 
441 
444 
445 
446 
449 
451 
452 
453 
454 
457 
464 
465 
466 
468 1011 
469 966 
471 
474 510 
477 
479 
480 
481 
482 
484 
490 
491 
492 
494 
498 556 
499 
502 
503 
504 
506 
507 
509 690 
515 
519 
521 
524 
526 
527 672 
530 
533 
536 
538 
541 
546 
548 
549 
551 
554 
555 
558 
559 760 867 
560 
562 
568 
569 
576 
578 
580 
581 
582 
585 
587 
588 
594 
598 
599 
600 
603 
605 
607 
609 
613 
619 
622 
623 
625 
626 
627 
630 
634 
635 
637 814 950 
639 
640 836 
641 
645 
648 
652 
661 
665 1084 
667 
668 
669 
670 
671 
673 
674 
675 
676 
677 
678 
680 
682 
683 750 924 1015 
685 
686 
687 
688 
693 
697 
702 733 930 
703 
710 
711 
714 
717 
718 925 992 
720 
721 
722 
723 
724 
727 
734 
741 
744 1093 
745 
746 
748 
751 
752 
758 
767 
768 
769 
770 
771 825 
772 823 942 
774 
775 
778 
779 
787 
788 
790 
793 
797 
802 
803 
810 
812 
815 
821 
822 
826 
827 971 
829 
832 
835 
838 879 
844 
845 
846 
853 
854 
857 
858 
859 
862 
863 
868 
873 
874 
877 
880 
881 
882 
883 
885 958 
889 
895 
906 
908 
909 
910 
912 
913 
914 
919 
921 
923 
926 
928 
934 
936 
940 
941 
945 
946 
949 
953 
959 
965 
969 
970 
972 
975 
978 
979 
980 
981 
982 
983 
984 
986 
988 
999 
1000 
1002 
1006 
1009 
1010 
1012 
1014 
1016 
1020 
1035 
1036 
1037 
1038 
1041 
1042 
1044 
1047 
1049 
1051 
1057 
1058 
1060 
1061 
1062 
1063 
1064 
1065 
1069 
1073 
1076 
1078 
1079 
1080 
1082 
1088 
1095 
